20
39
8.8 7.15
27.1 4.12
8.4 20.18
32.8 23.8
4.33 7.17
11.33 14.0
4.27 19.9
15.15 20.19
1.26 21.17
14.2 23.0
13.15 12.2
35.21 7.9
2.10 16.15
20.23 21.18
9.11 4.13
21.24 20.9
8.35 12.20
1.10 19.16
14.33 23.3
26.31 9.6
7.23 21.23
15.23 15.2
10.20 9.4
15.4 17.7
12.29 7.2
20.11 21.8
9.34 15.17
7.14 17.21
4.8 8.20
0.18 0.19
4.22 13.10
31.4 6.1
27.18 11.15
16.1 7.21
2.2 0.7
24.35 11.18
16.25 13.4
35.27 5.12
35.18 22.9
76
48.25 76.68
26.4 60.66
11.15 1.19
40.19 56.55
35.65 13.71
40.5 22.37
22.37 5.5
43.9 10.14
38.19 73.40
37.72 50.79
56.72 70.35
10.44 1.13
12.4 15.24
5.9 0.62
30.37 38.69
3.64 29.11
63.53 80.60
3.10 57.22
52.2 54.54
68.72 34.61
59.35 23.13
53.14 17.58
25.18 14.3
50.34 78.80
10.32 40.2
67.49 40.62
36.63 56.18
32.16 14.28
11.47 13.54
27.16 37.43
74.49 0.8
4.53 66.53
51.2 38.72
49.25 9.39
7.28 10.76
70.42 71.79
67.60 13.48
14.74 27.74
58.38 68.15
46.76 75.7
13.34 42.64
65.10 13.7
61.13 26.23
20.70 30.14
40.54 0.7
39.16 73.47
38.44 24.27
3.78 0.17
13.72 48.26
29.48 32.58
2.31 19.31
7.55 10.6
2.11 0.75
13.67 5.52
17.36 17.17
7.31 50.50
76.16 13.70
8.49 24.35
78.1 61.43
72.66 84.67
58.59 36.46
4.29 0.42
48.41 50.67
50.62 84.39
13.6 44.51
7.20 22.63
32.38 57.4
62.31 29.40
56.43 34.78
59.22 1.23
51.37 56.24
41.16 36.40
67.66 76.26
22.9 75.10
64.22 19.81
16.13 79.78
3
69.5 34.37
11.29 25.17
36.26 30.24
35
32.1 28.69
3.41 34.49
12.15 16.17
33.9 15.62
39.30 67.26
37.29 17.30
20.41 2.11
16.26 48.48
9.17 2.40
1.39 31.10
5.42 36.41
35.24 17.71
15.18 54.18
14.26 71.55
32.18 21.43
39.20 24.43
37.27 6.23
30.19 74.15
38.5 19.6
22.35 48.57
31.31 5.5
1.35 60.1
35.33 25.62
11.28 55.64
11.23 5.50
32.30 42.59
43.8 66.73
6.5 29.27
41.40 53.50
42.33 59.8
8.0 43.66
15.42 43.56
25.37 51.31
0.37 14.34
21.30 16.2
49
1.6 40.37
7.9 28.56
2.0 94.13
3.9 42.38
9.6 96.1
1.9 38.11
0.2 11.38
6.10 96.10
5.6 95.36
0.5 55.59
3.5 33.43
6.0 54.21
0.6 28.45
4.9 0.36
5.4 45.4
0.1 24.37
10.10 42.98
3.10 92.59
6.7 24.35
6.6 68.82
9.4 62.21
5.2 58.2
8.8 47.75
2.1 14.44
1.7 7.66
10.0 54.1
7.0 69.20
4.7 51.76
8.1 69.61
3.6 6.27
2.10 63.44
8.7 93.68
3.7 47.7
10.8 50.68
9.2 13.63
2.7 3.72
6.2 47.55
3.1 92.80
10.5 5.89
7.3 18.6
7.1 24.21
9.3 42.65
8.0 63.50
10.9 92.39
3.3 42.82
9.9 65.46
4.3 57.9
2.5 59.52
6.9 62.12
20
43.31 4.3
1.45 17.22
35.54 15.18
60.59 6.13
41.49 14.2
4.10 1.16
30.18 14.6
11.13 11.20
55.4 20.7
6.15 12.14
54.1 22.20
17.56 13.14
14.1 6.20
51.60 22.14
27.16 1.4
53.20 8.16
58.36 18.14
52.38 18.2
36.43 14.10
37.59 10.13
10
21.17 23.31
8.2 32.42
15.2 4.38
19.5 58.18
29.9 9.55
21.0 9.44
20.5 14.13
28.7 18.10
25.21 47.34
11.18 12.47
26
33.71 6.30
59.40 29.3
14.60 3.14
24.78 45.37
20.40 17.27
24.32 48.5
11.21 47.10
28.55 20.19
42.35 41.37
66.9 41.8
37.68 24.18
54.41 43.23
60.46 8.15
72.63 31.8
78.58 12.2
39.86 37.4
14.68 34.3
55.52 15.38
61.26 41.22
22.72 34.43
8.26 28.28
5.18 48.1
85.59 5.35
52.14 47.15
10.36 45.20
11.64 40.32
68
1.5 12.31
10.7 27.35
0.10 34.0
1.2 9.37
1.7 23.26
6.4 34.32
4.1 37.24
2.7 23.0
7.7 12.33
3.8 21.4
6.9 19.10
1.3 33.19
6.2 15.14
5.6 19.15
6.10 26.38
8.3 11.36
6.3 21.17
7.10 7.1
4.9 21.37
9.2 11.5
8.0 1.19
1.4 14.27
1.0 3.22
4.5 8.28
8.8 13.13
8.4 19.35
10.9 17.31
9.1 23.16
7.4 7.36
1.6 25.18
9.4 4.13
10.4 2.20
3.3 18.25
5.0 24.39
8.9 3.18
6.0 20.11
10.6 29.19
3.7 6.14
7.2 20.14
9.6 15.16
4.2 9.29
9.3 18.24
5.1 28.14
6.8 25.34
3.9 21.36
9.0 11.19
0.9 1.9
8.7 17.28
3.4 1.1
1.10 2.26
10.2 16.12
8.6 28.17
4.4 1.31
2.2 33.36
7.1 30.10
2.1 27.26
3.5 6.21
8.1 26.32
3.6 25.0
0.1 32.37
9.10 6.31
7.9 8.37
8.2 33.29
2.0 27.31
5.5 3.17
5.3 5.31
3.2 10.21
3.0 11.1
50
7.10 1.18
9.4 10.30
2.3 10.9
6.8 4.11
0.7 1.3
11.2 10.12
5.7 2.4
9.3 20.30
1.6 22.12
0.11 19.4
9.9 26.4
3.4 7.20
2.9 23.10
7.0 9.25
9.8 29.12
8.6 23.20
3.0 23.23
11.5 26.11
6.5 1.21
10.3 27.8
1.11 24.10
2.2 0.31
4.1 18.12
0.6 28.18
3.1 0.4
3.8 29.8
11.8 25.26
7.4 29.9
4.4 26.25
2.7 22.13
11.3 1.31
7.2 10.8
2.10 9.14
11.9 12.18
7.1 4.10
2.0 22.28
10.1 3.32
5.10 4.22
5.5 11.30
11.4 16.10
8.11 16.6
1.1 25.22
5.8 4.18
6.9 24.4
10.7 29.1
7.3 27.29
7.7 27.1
4.10 19.15
2.4 9.15
7.9 0.26
14
24.41 33.14
56.23 7.19
59.78 36.7
43.45 32.9
56.68 22.6
37.47 27.2
32.13 16.36
44.11 9.13
29.66 35.0
79.58 30.28
3.9 26.31
54.29 2.34
16.33 17.10
54.79 3.15
99
26.48 44.47
9.27 28.8
41.41 19.32
17.27 22.59
28.31 60.1
38.17 24.61
46.40 14.64
31.21 23.20
47.15 16.49
0.10 58.63
36.44 8.10
9.11 48.62
30.7 15.53
16.16 40.31
20.13 1.47
26.16 7.65
6.43 67.12
47.3 54.14
20.6 1.26
14.43 22.18
5.33 44.61
10.10 21.61
14.32 47.46
3.8 60.22
0.0 35.46
40.8 48.38
39.25 36.18
40.40 11.32
9.34 54.56
29.35 47.59
41.43 38.63
22.7 58.11
41.48 57.54
43.21 19.57
40.3 43.64
18.26 8.35
44.15 35.7
37.20 15.29
6.27 26.15
25.11 6.65
34.27 8.28
28.30 40.39
31.29 51.2
5.31 7.28
5.34 1.24
40.5 25.24
41.26 7.3
3.2 41.33
40.15 26.25
32.30 57.64
0.23 51.13
18.3 39.49
45.10 44.35
32.31 6.4
6.41 9.34
46.18 40.24
25.27 30.48
39.3 7.48
1.18 45.10
18.36 42.46
47.41 18.18
23.44 43.1
31.6 53.13
34.41 47.1
31.16 20.27
39.44 11.15
33.46 4.56
1.26 14.51
41.23 42.11
19.35 26.44
40.14 55.20
10.34 2.40
18.4 27.18
46.16 57.40
43.28 49.57
32.1 41.62
45.45 8.56
35.8 21.39
3.1 9.65
48.3 36.40
39.34 12.16
42.29 54.42
45.8 29.62
18.20 45.53
16.11 29.28
6.28 42.57
39.45 24.32
23.30 10.45
22.16 5.13
6.25 22.61
45.27 7.0
17.25 29.30
28.22 36.38
24.15 31.55
18.13 34.41
32.32 42.59
33.24 38.67
39.41 19.18
16.31 10.61
11
22.6 58.9
44.1 65.77
69.40 7.80
9.8 22.61
72.33 48.74
69.21 65.11
60.39 20.28
28.61 61.83
78.79 77.51
1.3 41.8
47.1 29.77
38
1.15 3.14
3.15 14.1
1.0 15.3
5.13 6.4
13.12 5.4
15.3 5.8
11.9 8.5
9.6 1.16
8.11 12.1
10.12 3.6
5.4 9.11
7.7 15.6
2.9 12.6
1.7 5.2
0.7 18.8
12.15 16.10
9.9 2.19
3.12 18.11
6.7 17.14
6.8 14.7
7.3 3.13
1.5 3.12
0.4 1.12
9.1 0.0
13.14 9.19
5.15 11.5
12.2 6.2
14.14 8.17
12.12 11.14
11.5 17.1
0.0 17.8
14.5 15.2
3.8 20.18
12.13 5.6
9.0 16.13
6.9 8.9
14.10 17.20
13.0 20.8
56
30.27 18.2
10.19 35.5
0.10 3.25
28.1 24.30
28.7 19.35
11.6 13.19
1.0 8.28
16.26 0.18
17.13 16.22
27.9 4.17
27.23 28.20
15.27 21.21
12.9 4.3
7.19 33.4
12.25 5.8
25.1 19.10
28.19 29.31
7.25 22.11
14.7 2.16
3.24 30.11
27.18 27.26
26.28 22.20
20.1 32.3
4.19 32.27
25.26 26.8
8.4 29.23
18.28 25.27
2.29 1.27
23.4 14.8
9.5 31.26
18.0 6.12
20.25 3.23
11.4 20.20
20.9 6.6
4.17 1.4
28.26 4.15
26.27 12.29
4.23 26.18
8.15 15.31
11.29 18.10
25.3 12.6
7.6 27.8
27.17 33.24
11.16 29.5
25.2 8.4
0.12 6.20
27.27 24.24
1.19 1.6
24.0 21.7
4.6 14.16
24.2 27.35
26.15 12.32
19.26 31.35
15.23 5.35
3.2 8.26
11.23 29.19
43
14.36 82.60
68.65 77.55
25.35 2.49
79.3 2.34
48.23 46.88
16.70 78.82
66.52 82.83
20.73 15.43
16.65 30.50
33.56 74.33
83.82 62.39
51.65 4.87
66.38 30.6
18.44 17.79
10.48 76.73
31.13 10.3
67.8 7.2
15.31 23.55
17.34 5.0
1.60 14.8
81.3 12.7
39.87 85.78
7.87 58.78
88.74 38.0
15.80 20.5
64.59 39.11
16.22 67.25
4.25 49.26
3.84 56.0
27.7 53.27
71.49 15.6
11.21 25.21
51.29 59.21
10.26 66.82
78.55 57.7
32.79 1.0
12.53 70.71
86.80 48.67
6.37 57.51
72.34 50.12
62.31 88.42
89.18 31.77
41.44 32.37
40
5.15 15.5
5.17 0.13
0.21 13.16
11.11 3.8
29.25 16.10
15.0 10.6
24.6 5.13
14.9 15.8
13.33 5.2
16.28 2.2
0.16 14.4
27.0 8.0
21.6 12.4
18.27 11.0
11.33 16.5
23.19 10.5
6.0 9.10
23.25 14.6
8.28 16.7
11.0 8.2
0.25 2.10
29.5 8.6
26.20 11.13
34.20 14.7
18.6 9.4
20.17 0.12
21.18 4.9
8.16 8.10
9.2 1.5
12.19 10.1
4.1 4.10
19.14 11.5
17.31 13.14
20.16 8.12
2.5 1.16
19.13 2.0
0.14 7.12
21.1 14.16
15.14 15.9
31.11 7.10
12
1.5 8.4
3.4 75.40
4.2 14.69
2.3 69.12
1.3 31.68
0.4 17.96
5.1 1.91
4.3 43.3
5.0 52.7
5.2 51.23
0.1 10.6
2.5 81.71
54
26.21 0.0
7.23 2.13
8.19 15.6
4.14 22.11
3.18 23.3
1.20 20.23
22.20 1.21
4.10 18.19
21.11 5.7
7.11 18.9
3.16 7.9
16.7 21.13
8.17 15.13
4.24 17.23
11.11 0.9
17.10 21.7
6.16 8.2
15.17 21.24
23.26 12.15
0.10 25.5
16.6 4.19
3.13 5.21
2.24 11.15
10.21 12.9
4.9 14.12
13.15 8.10
22.3 16.14
2.7 23.0
14.6 5.6
23.0 25.16
18.12 13.21
3.7 9.0
18.1 14.6
10.19 15.10
16.18 17.3
19.22 10.0
16.12 21.1
15.10 13.19
10.23 22.16
0.0 1.20
13.11 7.12
1.1 19.19
4.11 13.12
16.5 20.5
22.24 11.16
11.19 7.14
17.7 7.16
4.3 22.14
16.2 4.20
21.2 9.25
25.6 6.23
17.13 15.22
13.25 15.0
24.23 11.11
74
51.52 37.11
2.29 31.22
42.43 5.30
48.2 17.10
43.12 8.23
24.21 25.9
32.13 13.13
13.24 9.5
41.18 7.31
29.49 2.8
3.36 9.30
35.28 12.33
27.29 1.27
14.43 24.13
1.24 30.19
15.12 23.8
14.5 6.21
30.14 2.4
14.8 5.10
44.44 22.21
42.34 18.12
2.30 23.20
48.35 13.17
25.30 14.10
2.18 37.1
7.7 28.10
4.16 24.23
38.19 36.10
53.46 31.27
52.40 17.15
25.20 7.21
41.35 5.0
16.16 27.11
30.11 11.5
48.4 20.14
33.33 14.16
31.32 24.7
28.20 2.35
49.15 28.1
45.53 15.23
22.51 1.5
45.42 32.25
27.22 13.25
27.50 1.37
13.12 3.35
2.4 32.2
34.15 12.22
45.9 32.4
41.11 10.19
39.17 21.30
32.26 25.8
46.9 4.23
52.45 0.5
28.53 8.19
23.41 15.25
7.15 21.23
11.31 6.36
27.6 1.15
21.44 22.7
34.51 18.11
35.34 27.37
12.49 35.7
49.37 12.31
28.2 15.20
5.50 5.31
9.1 21.4
2.9 3.14
8.37 37.7
6.43 26.35
14.11 20.15
44.8 0.12
29.21 0.17
12.17 1.18
17.3 29.19
