20
5
9 11 170
0 4 120
2 7 170
12 14 120
5 14 70
5
3 10 200
1 12 100
9 12 120
4 5 120
5 15 90
10
1 4 100
2 5 120
3 6 140
4 7 200
8 2 120
2 5 100
1 2 300
9 10 120
1 12 190
3 5 200
15
3 10 200
1 12 100
9 12 120
4 5 120
5 15 90
1 4 100
2 5 120
3 6 140
4 7 200
8 2 120
2 5 100
1 2 300
9 10 120
1 12 190
3 5 200
2
1 10 900
900 1000 40
3
100 110 4
100 110 3
100 110 5
1
10 11 2
10
9 12 120
4 5 120
5 15 90
1 4 100
2 5 120
3 6 140
4 7 200
8 2 120
2 5 100
1 2 300
10
1 2 3
1 3 5
1 5 7
7 9 11
1 2 4
11 12 13
11 13 15
11 15 17
17 19 111
11 12 14
4
1 9999 120
2 9999 100
3 9999 150
4 9999 100
60
1 9999 110
2 9999 210
3 9999 210
4 9999 310
5 9999 210
6 9999 210
7 9999 210
8 9999 310
9 9999 110
10 9999 140
11 9999 110
12 9999 210
13 9999 210
14 9999 310
15 9999 210
16 9999 210
17 9999 210
18 9999 310
19 9999 110
20 9999 140
21 9999 110
22 9999 210
23 9999 210
24 9999 310
25 9999 210
26 9999 210
27 9999 210
28 9999 310
29 9999 110
30 9999 140
31 9999 110
32 9999 210
33 9999 210
34 9999 310
35 9999 210
36 9999 210
37 9999 210
38 9999 310
39 9999 110
40 9999 140
41 9999 110
42 9999 210
43 9999 210
44 9999 310
45 9999 210
46 9999 210
47 9999 210
48 9999 310
49 9999 110
50 9999 140
51 9999 110
52 9999 210
53 9999 210
54 9999 310
55 9999 210
56 9999 210
57 9999 210
58 9999 310
59 9999 110
60 9999 540
2
1 2 100
9998 9999 100
4
1 10 9999
1 9999 10
9998 9999 10
10 20 30
2
1 2 100
9998 9999 100
100
1 9999 1
2 9999 2
3 9999 3
4 9999 4
5 9999 5
6 9999 6
7 9999 7
8 9999 8
9 9999 9
10 9999 10
11 9999 11
12 9999 12
13 9999 13
14 9999 14
15 9999 15
16 9999 16
17 9999 17
18 9999 18
19 9999 19
20 9999 20
21 9999 21
22 9999 22
23 9999 23
24 9999 24
25 9999 25
26 9999 26
27 9999 27
28 9999 28
29 9999 29
30 9999 30
31 9999 31
32 9999 32
33 9999 33
34 9999 34
35 9999 35
36 9999 36
37 9999 37
38 9999 38
39 9999 39
40 9999 40
41 9999 41
42 9999 42
43 9999 43
44 9999 44
45 9999 45
46 9999 46
47 9999 47
48 9999 48
49 9999 49
50 9999 50
51 9999 51
52 9999 52
53 9999 53
54 9999 54
55 9999 55
56 9999 56
57 9999 57
58 9999 58
59 9999 59
60 9999 60
1 9999 61
2 9999 62
3 9999 63
4 9999 64
5 9999 65
6 9999 66
7 9999 67
8 9999 68
9 9999 69
10 9999 70
11 9999 71
12 9999 72
13 9999 73
14 9999 74
15 9999 75
16 9999 76
17 9999 77
18 9999 78
19 9999 79
20 9999 80
21 9999 81
22 9999 82
23 9999 83
24 9999 84
25 9999 85
26 9999 86
27 9999 87
28 9999 88
29 9999 89
30 9999 90
31 9999 91
32 9999 92
33 9999 93
34 9999 94
35 9999 95
36 9999 96
37 9999 97
38 9999 98
39 9999 99
40 9999 100
100
1 9999 1
2 9999 2
3 9999 3
4 9999 4
5 9999 5
6 9999 6
7 9999 7
8 9999 8
9 9999 9
10 9999 10
11 9999 11
12 9999 12
13 9999 13
14 9999 14
15 9999 15
16 9999 16
17 9999 17
18 9999 18
19 9999 19
20 9999 20
21 9999 21
22 9999 22
23 9999 23
24 9999 24
25 9999 25
26 9999 26
27 9999 27
28 9999 28
29 9999 29
30 9999 30
31 9999 31
32 9999 32
33 9999 33
34 9999 34
35 9999 35
36 9999 36
37 9999 37
38 9999 38
39 9999 39
40 9999 40
41 9999 41
42 9999 42
43 9999 43
44 9999 44
45 9999 45
46 9999 46
47 9999 47
48 9999 48
49 9999 49
50 9999 50
51 9999 51
52 9999 52
53 9999 53
54 9999 54
55 9999 55
56 9999 56
57 9999 57
58 9999 58
59 9999 59
60 9999 60
1 9999 61
2 9999 62
3 9999 63
4 9999 64
5 9999 65
6 9999 66
7 9999 67
8 9999 68
9 9999 69
10 9999 70
11 9999 71
12 9999 72
13 9999 73
14 9999 74
15 9999 75
16 9999 76
17 9999 77
18 9999 78
19 9999 79
20 9999 80
21 9999 81
22 9999 82
23 9999 83
24 9999 84
25 9999 85
26 9999 86
27 9999 87
28 9999 88
29 9999 89
30 9999 90
31 9999 91
32 9999 92
33 9999 93
34 9999 94
35 9999 95
36 9999 96
37 9999 97
38 9999 98
39 9999 99
40 9999 100
60
1 9999 110
2 9999 210
3 9999 210
4 9999 310
5 9999 210
6 9999 210
7 9999 210
8 9999 310
9 9999 110
10 9999 140
11 9999 110
12 9999 210
13 9999 210
14 9999 310
15 9999 210
16 9999 210
17 9999 210
18 9999 310
19 9999 110
20 9999 140
21 9999 110
22 9999 210
23 9999 210
24 9999 310
25 9999 210
26 9999 210
27 9999 210
28 9999 310
29 9999 110
30 9999 140
31 9999 110
32 9999 210
33 9999 210
34 9999 310
35 9999 210
36 9999 210
37 9999 210
38 9999 310
39 9999 110
40 9999 140
41 9999 110
42 9999 210
43 9999 210
44 9999 310
45 9999 210
46 9999 210
47 9999 210
48 9999 310
49 9999 110
50 9999 140
51 9999 110
52 9999 210
53 9999 210
54 9999 310
55 9999 210
56 9999 210
57 9999 210
58 9999 310
59 9999 110
60 9999 540
60
1 9999 110
2 9999 210
3 9999 210
4 9999 310
5 9999 210
6 9999 210
7 9999 210
8 9999 310
9 9999 110
10 9999 140
11 9999 110
12 9999 210
13 9999 210
14 9999 310
15 9999 210
16 9999 210
17 9999 210
18 9999 310
19 9999 110
20 9999 140
21 9999 110
22 9999 210
23 9999 210
24 9999 310
25 9999 210
26 9999 210
27 9999 210
28 9999 310
29 9999 110
30 9999 140
31 9999 110
32 9999 210
33 9999 210
34 9999 310
35 9999 210
36 9999 210
37 9999 210
38 9999 310
39 9999 110
40 9999 140
41 9999 110
42 9999 210
43 9999 210
44 9999 310
45 9999 210
46 9999 210
47 9999 210
48 9999 310
49 9999 110
50 9999 140
51 9999 110
52 9999 210
53 9999 210
54 9999 310
55 9999 210
56 9999 210
57 9999 210
58 9999 310
59 9999 110
60 9999 540
60
1 9999 110
2 9999 210
3 9999 210
4 9999 310
5 9999 210
6 9999 210
7 9999 210
8 9999 310
9 9999 110
10 9999 140
11 9999 110
12 9999 210
13 9999 210
14 9999 310
15 9999 210
16 9999 210
17 9999 210
18 9999 310
19 9999 110
20 9999 140
21 9999 110
22 9999 210
23 9999 210
24 9999 310
25 9999 210
26 9999 210
27 9999 210
28 9999 310
29 9999 110
30 9999 140
31 9999 110
32 9999 210
33 9999 210
34 9999 310
35 9999 210
36 9999 210
37 9999 210
38 9999 310
39 9999 110
40 9999 140
41 9999 110
42 9999 210
43 9999 210
44 9999 310
45 9999 210
46 9999 210
47 9999 210
48 9999 310
49 9999 110
50 9999 140
51 9999 110
52 9999 210
53 9999 210
54 9999 310
55 9999 210
56 9999 210
57 9999 210
58 9999 310
59 9999 110
60 9999 540
100
1 9999 1
2 9999 2
3 9999 3
4 9999 4
5 9999 5
6 9999 6
7 9999 7
8 9999 8
9 9999 9
10 9999 10
11 9999 11
12 9999 12
13 9999 13
14 9999 14
15 9999 15
16 9999 16
17 9999 17
18 9999 18
19 9999 19
20 9999 20
21 9999 21
22 9999 22
23 9999 23
24 9999 24
25 9999 25
26 9999 26
27 9999 27
28 9999 28
29 9999 29
30 9999 30
31 9999 31
32 9999 32
33 9999 33
34 9999 34
35 9999 35
36 9999 36
37 9999 37
38 9999 38
39 9999 39
40 9999 40
41 9999 41
42 9999 42
43 9999 43
44 9999 44
45 9999 45
46 9999 46
47 9999 47
48 9999 48
49 9999 49
50 9999 50
51 9999 51
52 9999 52
53 9999 53
54 9999 54
55 9999 55
56 9999 56
57 9999 57
58 9999 58
59 9999 59
60 9999 60
1 9999 61
2 9999 62
3 9999 63
4 9999 64
5 9999 65
6 9999 66
7 9999 67
8 9999 68
9 9999 69
10 9999 70
11 9999 71
12 9999 72
13 9999 73
14 9999 74
15 9999 75
16 9999 76
17 9999 77
18 9999 78
19 9999 79
20 9999 80
21 9999 81
22 9999 82
23 9999 83
24 9999 84
25 9999 85
26 9999 86
27 9999 87
28 9999 88
29 9999 89
30 9999 90
31 9999 91
32 9999 92
33 9999 93
34 9999 94
35 9999 95
36 9999 96
37 9999 97
38 9999 98
39 9999 99
40 9999 100