20
3
1 -1 1
2
7
6 5 6 -1 3 3 5
0
9
6 6 5 0 5 0 8 8 -1
7
7
-1 0 6 0 1 6 1
0
9
8 4 0 4 8 -1 5 0 5
4
45
24 42 4 30 29 43 22 15 26 36 26 16 3 22 21 41 18 16 34 41 12 29 32 30 43 15 4 38 36 -1 24 42 18 6 21 38 6 17 32 17 3 34 12 14 14
24
37
-1 4 36 24 10 29 19 31 7 0 26 31 4 18 7 6 14 24 23 0 29 14 10 35 26 1 19 1 9 36 18 6 22 35 22 9 23
35
41
38 20 34 7 6 37 5 8 10 30 6 37 20 2 16 7 21 23 22 23 8 33 11 21 4 30 15 34 16 15 10 36 38 5 4 33 11 -1 22 2 36
39
49
17 21 -1 30 31 2 35 29 4 42 33 36 4 29 45 32 8 40 24 48 45 24 27 25 5 42 14 14 36 21 25 2 40 5 8 30 37 20 35 48 20 37 33 32 41 31 17 41 27
13
45
19 15 18 0 16 24 29 39 11 29 19 23 35 10 37 14 30 36 26 41 24 11 33 26 39 37 14 32 33 18 25 4 36 23 35 15 10 -1 4 41 30 25 16 32 0
2
49
42 34 28 48 7 12 33 20 30 16 32 16 6 32 5 39 -1 20 5 23 12 33 9 6 40 28 9 26 34 7 27 11 27 30 11 48 39 42 40 19 3 10 10 3 19 41 41 23 26
17
47
2 5 3 1 46 22 2 39 44 16 4 -1 44 5 28 3 19 31 8 35 16 39 11 32 41 30 17 1 38 17 32 12 8 31 35 12 22 11 36 46 30 38 19 4 28 36 41
11
13
10 5 3 10 5 9 9 12 12 3 11 -1 11
0
49
30 -1 18 45 5 1 23 4 42 6 47 33 27 23 33 18 34 0 34 32 6 35 20 37 44 27 7 2 4 42 3 7 3 20 5 45 30 10 2 44 43 0 10 1 35 47 32 43 37
2
49
26 2 32 36 40 19 43 24 30 13 21 14 24 21 19 4 30 10 44 12 7 32 17 43 35 18 7 36 10 16 5 38 35 4 13 -1 16 26 1 12 2 5 18 40 1 17 38 44 14
35
3
1 -1 1
0
49
26 2 32 36 40 19 43 24 30 13 21 14 24 21 19 4 30 10 44 12 7 32 17 43 35 18 7 36 10 16 5 38 35 4 13 -1 16 26 1 12 2 5 18 40 1 17 38 44 14
0
5
2 2 4 4 -1
4
5
1 -1 1 0 0
0
41
32 6 39 28 28 15 5 23 20 34 3 38 3 29 39 4 23 15 9 13 13 36 31 32 20 35 18 12 34 -1 31 18 36 38 29 9 4 5 12 35 6
18